n	Bubble Sort			Transposition Sort		Quick Sort
	Swaps		Time (ms)	Swaps		Time (ms)	Time (ms)
1000	237290		24		237290		31		3
10000	24807901	434		24807901	352		14
20000	99481346	1292		99481346	1164		28
30000	223480750	2730		223480750	2695		55
40000	397846651	5036		397846651	4513		93
50000	621971096	7292		621971096	7117		92
60000	894883375	10778		894883375	10389		86
70000	1218807276	14759		1218807276	16077		74
80000	1592382721	19413		1592382721	22220		76
90000	2014207875	25378		2014207875	28034		94